379465128824913765561728394157286439298134657436579281743852916982641573615397842
462593817183267954957184236514836729736912548298475163679351482341728695825649371
926485371871923456354716928489271563617358294235649187198537642543862719762194835
465912738879563124231748569183459276627381495594627381758136942342895617916274853
971286435425371986638549172146725893259813647387694251893152764762438519514967328
973126584854973612162485379485392761726518943391764258539641827217859436648237195
857364921632719584194852637381625479576948213249137856415276398963581742728493165
765431289814629573923758641439876125652314798178295364281547936547963812396182457
658341297974652318213879465142738659589216743367495182491527836825163974736984521
182639475436157892579284631365728914721493586894561327243815769917346258658972143
783592461615843279429617835361728954542139786897456312936275148178964523254381697
248653917356719482719842635423197856961528374875436129682374591594281763137965248
912475863765318294438692157341286579859147326627953481574839612186724935293561748
827436195659281437341795826186379254594162378732854961273548619465913782918627543
631754289482693175975128463317985642829467531546231897753842916194576328268319754
136924857745386291829571436618293574974615382253847619381469725492758163567132948
246581793375429168891763542539648217724915836168237954983174625617352489452896371
548967231219583467367124859431752698856491723972638145185346972794215386623879514
356218794729354861184976532491583276873462159265791348632845917547129683918637425
347628915629157348581394726198763254236415879475289163812536497763942581954871632
481537269675492138293618754926875341814923576537146892158369427749251683362784915
425197863367528914891634527658273149179845236234961758982316475713459682546782391
749326158213758496685914723872461539351297684496583271128635947564879312937142865
251386479674519823938247651415892736867431295392675148726958314583124967149763582
247869153893451276651273498568914732912637584374528619739146825126385947485792361
794625831365418279812379546547862193638951427921743658156297384473586912289134765
268943175473512968951876432832491657594367281617285394125638749746159823389724516
316957824952648713748132956485763192271489635639215487197526348824371569563894271
857634219934128675126759348685371924719542836243986751571863492362495187498217563
241589367879362415365471928523914786617835249984627153158743692436298571792156834
814527396263819475975364821591673284682945713437281569346792158759138642128456937
324815679698723514175946832759168423841532967236497158983251746567384291412679385
492583176785961324163472958318695742659724831274138569527849613831256497946317285
986345127172896435435271689521684793869137542743529861358762914697413258214958376
582674193791532486634189725159768342843215679267943851426851937978326514315497268
413785926258169347679432185795813264824697531361524879537241698182976453946358712
892367145675241839314589267253694781489715623167823954736958412548172396921436578
427581936381976542695432817139857624546123789278649153953268471764315298812794365
637814925195723486428569173869471352541382769372695814254138697783956241916247538
563472981287519643419683275651748392728395416934261758876124539392857164145936827
942173685863925174175684293531469827698752341427318956356297418719846532284531769
563127984741869352829543167357491826214386579698752431486215793935674218172938645
963128574872549613541376829386752941457891362129634758798415236615283497234967185
498762531653481279712395846846957123937124685521836794374518962169273458285649317
758941326946372851132568974687294513421753689395816742273189465869425137514637298
529387641648152739137946582754619823812435967963728415496271358381594276275863194
625789341184632579397514862716395284938426157452871693261948735879253416543167928
362159874798624531145378296437215968951486723286937415829563147513742689674891352
742386951319725864856194327185432679293671548467859213534218796628947135971563482
423965871589271364716834295394758126251346987867192453648523719932617548175489632
351492678746158932982763415267815349418239567539647281125384796693571824874926153
925817634631254978847693125416785293283469751759132846378521469192346587564978312
241693587673185492589472316312564978856917234497238165728351649165749823934826751
913472856846195273572368914759846321621539487384721695267914538195683742438257169
273591864568724913419386275726945381845613729931872546697138452184259637352467198
671935482298471635534286791416359827853712946927648153382197564765824319149563278
325478196149256837687913425871342659594167283263895741758634912932781564416529378
123687945897524361645931782286493517719265834534718629462359178351872496978146253
754362819813579426296814357372456981461298735589731264925187643147623598638945172
427381569163975248985642713642839175598417326371526984814793652759264831236158497
625831794394527186781496532572183649913264857846975213257348961139652478468719325
932861745451793268786245193518439627349627581267518439894156372123974856675382914
451982763398576241627134895543891627916247358782365419269718534835429176174653982
561793482728164395934258716847926153216385974395471268672849531483517629159632847
423968571516437289978125364639214857751893642284576913167359428892641735345782196
256349718478165239391728456842596371513487962967213845185934627624871593739652184
473615928182379645965248317518934276794126583236587491849753162651892734327461859
213645798856719432947382615362571984591468327784923156179254863435896271628137549
216945378549837216873216945461789532395462781782153694624398157137524869958671423
218643579649275813537189642384712956125964387796358124952431768863527491471896235
278394561135627984469185237526871493843259716791436825317942658652718349984563172
321849675684175329975623184593287461147536892862491753219764538758312946436958217
326875419891264375457319628684951732175623894932748561743592186218436957569187243
192387456367495128548261739276819543854732961913546872631954287785123694429678315
451297638329486517687315294296873451138564972745129386574638129862951743913742865
453817926816429375972365814365794182784231569129586743248153697631972458597648231
317264985829735641465189327931628754678451239542973168783592416156347892294816573
714928653365147892289563741936475218427681935851239467172394586598716324643852179
462753819815649237937128645148297356629531784753864921381476592574982163296315478
792684513843215796651397482276538149918476235534129867485962371329741658167853924
169745823827136549345928716652371498481259637793684152234567981978413265516892374
645218739913467285278953164862795413591346827734821596357682941426179358189534672
541786932623419875879523164284697513315248796967135248438972651196854327752361489
974536182328194675651782493146379528289465317537218946863947251795621834412853769
572369184841275369369841275718624593436598712925137846257486931194753628683912457
856149327739652148412837569298564731173298456564713982987425613341986275625371894
273561489819423675645789213981642357452137968736958124397816542568294731124375896
479538126328961547165274938283147695714659382596823714641385279832796451957412863
789563241163842759425179836618425397357698412942731568834917625596284173271356984
167258439283469571459371286534687912678912354921534768745826193396145827812793645
427893561639145728158627943812964375945372816763518294391286457576439182284751639
875346921624159378913287564468715239237698415591432687382974156159863742746521893
246581793753269841918734562561823974479615238832497156327156489685942317194378625
349726185257418693618935724572893461861247359493561872784352916135679248926184537
213876459865491723749352816537128694186934275492765381371689542958243167624517938
253791468689432715147586329514927683768143592932865174871359246425678931396214857
943285716687491352152367984526938471871654293439712865718523649364179528295846137
521869734749123586638754219893415627176298345452376891964582173215937468387641952
486239157293571864715648923524963718138725649967184235379416582851392476642857391
187254369456893127329671548832769451765148932941532786278315694693427815514986273
175823964286794513349516728637158249912437685854962137461375892723689451598241376
752163489614829735893475612175984326289536174436217958948351267561792843327648591
135784962927631485864592317381256749279143856456978231642319578798465123513827694
648739215391825647752416938827641359134957826569382174275168493983274561416593782
843512976692437581751869423469721835528643197137958642976385214284176359315294768
534671298987432516162589437473216859825397641691854723219765384758943162346128975
285673941346219875791485326953741268468392157172568439617824593529137684834956712
452873961837196254916542378163425789298761543574938612741259836389617425625384197
653247918817695234924138567236814795589376142741529386395462871168753429472981653
321586794869274531547931682298357146413862975675419823984125367752693418136748259
385274916671359248294861357437596182819427635526138794768915423943682571152743869
612583947498217653573964218749836521286159374135472869857691432921345786364728195
295468371146573982837291645369724158781359264524816793413687529972145836658932417
713956428652348917489712635597681342346527891128493756864135279231879564975264183
463958172572431689819672435981567243345829761627143598256384917798216354134795826
197834625832765149564921738719542386625183497483697251358476912271359864946218573
456327198382519467197486235725694813618732549934851726861273954549168372273945681
915642783364871529782395614279418356631257948458963172827536491593124867146789235
489716532623549178571823694257981463314675289896432751745298316168354927932167845
961374582758192436243586791517469823896237154432851679675943218189625347324718965
147963258658274931239518764396142875471385692825697413912836547783459126564721389
968427513352189467147653289819746352736592148425318976694275831583961724271834695
362194857748536129591872463823465971976381245415729638657218394139647582284953716
325179864416258973798634512973586421264791385851342796542867139137925648689413257
432681579987532614651794283368257941714968325529413768895126437243879156176345892
638914752279865413451237986824679135195382647367541829942156378513798264786423591
276439815418572369539816742952761483647983251381245976793658124825194637164327598
792861453453297618861543279936478125587612394124935786278354961645129837319786542
512396478796184352438572691871253946925467183643918725164829537387645219259731864
698152374754639812213487956861345729925876431437921568172594683589263147346718295
345897216962541387187632495534918672691725834278463951713286549456379128829154763
823164795147895362965723481439251678658379214271486953582637149794512836316948527
192853746738246951465917283384529167917468532526371894273695418849132675651784329
276419385431568279589237416967821543354796821128345697712654938845973162693182754
792135648641879352385426719214783596978564231563291874856947123427318965139652487
971283645432165987865479321623748159548391276197652438356927814719834562284516793
821563497794128563536749812473815629168932745952674381319487256647251938285396174
681295374473861529259473168345129786962587413817346295136952847724638951598714632
526498317417263859983715624874356192659182743231947586365829471742531968198674235
294781365865932471713654982472398156681547293359216847947125638136879524528463719
457392681163845927829671435614937258785126394932458716398714562576283149241569873
276835194953741826841629537127394658385162479694578312762413985418957263539286741
279154683865923147143876925317465298624789351598312476782641539431597862956238714
483796215179852364256431978328675149715349682964128753597264831641983527832517496
164972835853164927297835164438529671526317498971486253689751342712643589345298716
472185693698743152513629847145936278726851439389472561234517986957268314861394725
329671854714958263685432179273865491961324587458719326832196745146587932597243618
125894763986573421743612985352461897867329514419785632571936248294158376638247159
235481976196327584874965321543872169768139452912654738457218693381796245629543817
614357289832649751597182436475938162921765348368214975789523614143896527256471893
631759284247618953589432167462871539953264871718395426394526718875143692126987345
521438796639715842748962315974253168852146937163879254415327689387694521296581473
783164529124985763965273148251796384498531672637428915376852491542619837819347256
348276591961538274527419863153847629279651438684392157812763945795124386436985712
438152769962378451571694328786439512194527836253861974319746285627985143845213697
763489251245371896981562473496758132572134689138926547627843915859617324314295768
864251793759386214312749856985412367271563489436897125597124638148635972623978541
425891637937456182168372495312985764659247318874613529596124873243768951781539246
562397841348561972179824653716438529824659137935172468457983216693215784281746395
613279584257684193948153627435918762796432851182567439569721348874396215321845976
289673514536124879714958623673215498945786132821349756357862941498531267162497385
763542189592681734148793265314276958285139476976458321837915642429867513651324897
749283156526941738831576924273854691964317285185629473357462819692138547418795362
493756128762981435158324967516897342874132596329465871941678253635219784287543619
145689732873245691629371584514926873386157429792834165237418956951763248468592317
617853924532974861498216753983127645146538279725649138264381597879465312351792486
963845271571932864842761935317496582489253716256187349134579628698324157725618493
567184923912365874834972156671238495329451768458796312195823647243617589786549231
958213674367594182124876395613428957749135826582769431435682719876951243291347568
347852169528916347961347528254639871673481295819725634735164982196278453482593716
254178963391462578768539214942781635675394182813256497126843759487915326539627841
562419738798352461413768529385197642246583917179624385951236874624875193837941256
517923648429568731638714952382149576164275893975836214846357129253691487791482365
582731469394856127761294853438572916279618534156349782643985271817423695925167348
483526791516749328927381564864937152392158647175462839741695283259873416638214975
843621795795348261162957438419865372258473916376192584934516827687234159521789643
125847369384691257769253814547912683698534172213786495976328541831475926452169738
132847695657192384948635271573964812291758436864213957486579123325481769719326548
174389265825764139369251874538917426692845317417623958241578693783196542956432781
942713658615489732387256914893621475176345829524978163759134286431862597268597341
658143279273869145491572836524387691367291458189654327712936584935418762846725913
687325149135894267942761358598613724763942815214587693376159482451278936829436571
938624517427951683156738294293516748761842935845379162582193476314267859679485321
157836249483192765962547813315489672824763951796251438539678124641925387278314596
197326548685417923324958617762539481843162759519784362938641275471295836256873194
783521964214769853569348172125896347347215689896437215451983726978652431632174598
719683524435921867862475913627198435154367289398254671571842396983516742246739158
768245931435196782921378564652934178314867259879512643143759826297683415586421397
371562984854793621269184753915478362486325197732916845547639218198257436623841579
821596473643278951795341826176925348482137569359864217214783695568419732937652184
549782631867351294213469875731648952958123746624975183175294368386517429492836517
195637482382514679476289513547368291219745368638921754963172845821456937754893126
976483251451792863283156749128579436567234198394861527615327984732948615849615372
489576132571432968263189745645318297932765814718924653357291486894657321126843579
216954738875613492439872516927486351381527649654391287798235164542168973163749825
374182695185769234629435781498527316751643829236891547847216953962354178513978462
593418627148276359276539184631925748457683291829741536714392865385164972962857413
794263815526718349183954672239547168875621934461839527347195286912486753658372491
827315946459682731613479582246198375571234869398756124732961458965843217184527693
845976321671823495932451768256794183187235649394618257519362874768149532423587916
617458923358962471924731658895317264476285139132694587789126345563849712241573896
435826791179534286862197435214379568356418972798652314587941623941263857623785149
234815976615937284789246531561324798947158362823679415352781649176492853498563127
139427568728653941645198327251389476983764215476512893367245189592871634814936752
952678143738914526641352897486735912123849675579261438864127359295483761317596284
692178453743526198518349726374965812826714539951283647187432965265891374439657281
136925478927148365485376912719432856653897241248651793872569134361784529594213687
271568439398214765645793218763429851912835647854176392189642573427351986536987124
631594278285371964794268315872145693463789521519623487947852136158936742326417859
874519623963782541251436789528943167649871352317625498492357816786194235135268974
142385967685497231973126854497618523358249716261573489736854192824931675519762348
946732851387165249512984673654873192198246537723519486475691328831427965269358714
514396782863257149972841563437982651295164837681735924758413296146529378329678415
675149283349528761812367459937814625186235947254976318493681572568792134721453896
618237594475698213293541786159874632724163859386952147837425961562319478941786325
328475691517896342496123578251984763649731285783652914872319456934568127165247839
947681532258934167361275894475863219623519478819742653532198746196427385784356921
639458271275136894184729563862547319751893426943261758327614985418975632596382147
385794162612385794974612853123967548456128379897453216568279431741836925239541687
853641972142759638679832541496285317281367495735194826514976283928513764367428159
875241936963785421412396758528973164149652873736814295381527649254169387697438512
738165294564729813912348576651897342293514768847632159325976481486251937179483625
261438597357629148498517623829165374576394812143782965615243789934871256782956431
315946728967582314824713569276358941193624875548179632432865197681497253759231486
961275438453891627278463915742689351389157246516324879137946582625738194894512763
721348965854196372963725418617239854295874631348651729476912583532487196189563247
789563142436912578152478369561247983973851426248639715827394651694185237315726894
256138974718694352439257681195362847824719563673845219582473196967521438341986725
518732496426915378973468251169287543857143629342659817295876134781324965634591782
384156279259387164761249835497625381613478952825913647532894716948761523176532498
627851439159234867438976215875642193314597628296183754781329546942765381563418972
875916324493275681126438957251643798938157462764829135317562849682794513549381276
982417365547836921613925847395248176126379584478561293754192638869753412231684759
241589763869273451357641928135864279628795314974132586583426197416957832792318645
786319425395624781241785963672431598439258617518967342153846279867592134924173856
832164975147359286569278314613527849925483167478916532796835421351742698284691753
962315784543278691781946523475869132829137465136452879397581246258694317614723958
268573419537914286419286537674152893921438675385697142792845361146329758853761924
846537192739218456215469387697824513183695724524371968478152639961783245352946871
659283714371964258428715369863597421947821536512436987784152693296348175135679842
148267395629835417735491268481523976352679184976148532893754621567312849214986753
697534182534128967218769354982475613456381279173692845769853421345216798821947536
716925348829143567435876129162438795348597216957612483293764851571289634684351972
972813564463795281581426739137948652629571843854632917248357196796184325315269478
859143267674258931213796845327915684586374192941862573198537426762481359435629718
853627914762194538149835762427918653685743291931256487578461329216379845394582176
586179324921643578374258196759361482842597613163824759418935267697412835235786941
716243589328965417495817326537698241169452873284371695672589134841736952953124768
356972814812534679974618325785469231263751498491823567528397146147286953639145782
683912754192547863754638921475386192216759348839124675327491586568273419941865237
315278649842936175976514382154689723689327514237145968598762431721453896463891257
769384251831952647425167389512476938978531426643829175297645813184793562356218794
695874312328561974714392568142783695967245831583916247876159423259437186431628759
985421763173596482426738591342915876719862354658374219861247935297153648534689127
378512946259346718146789253467198325591234867823657194714963582635821479982475631
758163429426789315391524687265817943134956872879342156912435768583671294647298531
963284571417935286825761934541628397672493158398517642234856719189372465756149823
623584179578391426491627385237459861986132754154768932369845217745213698812976543
972658134146239857835147296689472513523961478714583962468395721257816349391724685
592361784783249165614785293129653847875924316436178952351497628247816539968532471
498721635752436189163985247614298573829573416375164892286347951547619328931852764
527148396146379258983652417458761923739425861261893745875914632314286579692537184
432851976695372814187496532354987261928613457716245398261534789549768123873129645
671983245325674981984512367148269573562437819739158426497326158813745692256891734
896431527253678491174952386735286914619543872482719653921365748567824139348197265
372516948598274316146983572463897251981425637725361894819732465257649183634158729
638921457914753682752864931347685219869412573125397846291538764573246198486179325
768341259153269478492578361381697524976425183245183796814756932637912845529834617
849673521253418967167592438638125794521749683974836152316984275785261349492357816
418539762375682491692174853231458976946723518857961234783296145129345687564817329
981764235763125948542893671298536417374281596615947382856479123129358764437612859
869127453147395268253486719392841576514763982678259341981572634736914825425638197
967135284321864759854972361245386197639751842178249536483627915592413678716598423
492753186863291457751864293578932614149576328326418579615389742287645931934127865
819267534365419872724358196578942613491673285236581947983725461142836759657194328
235417968461389257978562134329876415786145329514293786852734691197628543643951872
245367198879125643631948572598632417364571829712489365156793284983214756427856931
426153897398726514517498362853967421742531986961284735139675248685342179274819653
935862417672514983814937562596143728127689354483725196741296835368451279259378641
683759421724861395951423867417938652568142973392576184846217539235694718179385246
182653794356497128974182365749216583618534972235978641861745239497321856523869417
941732685682541739537896412328914567159367248476285193213678954794153826865429371
481526937263947158975381624738692415196854372542713896817435269359268741624179583
953164287412837659867925143579341862621789435348256971784512396235698714196473528
653278491792451863148639257426897135579123684381546972217985346834762519965314728
751962843926834715384715926249157638165283479837649152612378594498521367573496281
785136942934782516126495378619853427358274691247961835463517289872649153591328764
926785314843169275517423968395647182284591736761832459672918543138254697459376821
168429537294573186357168924539842761716395842482617395823756419645931278971284653
962587413458931762137426589573149826681273945249865371326798154795614238814352697
347521986196378254825964317938452671562817439714693825451236798289745163673189542
682374195391258647457196832716435289943862571528917364174623958869541723235789416
162947358478135926953826147835712694294568713617394285546271839381659472729483561
146872539528193476739654218685427193397561842412389765954216387263748951871935624
348516279679328415125947836781632954432895167956174382293751648817469523564283791
639518247152437896487692135275163984394825761861749352728354619513976428946281573
126395487375184269498672135513469728682537914947821356859243671731956842264718593
983651247512374968674289531268135794391427856457968312836512479745896123129743685
394752168862341759751968324648293517923175486517486293239614875175839642486527931
857421369264983715931567842692718534315246978748395621183654297479832156526179483
286541937731928654945367128378256419569134782412789563624895371897613245153472896
436571982129386745857294631974132568512869374368457219243615897785943126691728453
342586791957413268816972453573249186281657934469138527124865379798324615635791842
765831294382594176491627835824956317573182649916743528257369481138475962649218753
173826954498735261256491378869172543547369812321548697635217489784953126912684735
482637915593421768617958432378542196265179843149386257851764329734295681926813574
349827651268195473175634298952361847683472519714589326496218735821753964537946182
375948612264513897819276453137489265548762931692351784956124378481637529723895146
827461539641359827395728641463197258278645913519832764754283196986514372132976485
847921635932765481165348729321486957786259143594137268413592876659874312278613594
981634275674952138532718649129376584358149726467285913216893457895427361743561892
594638172238417569671592348729184653846953217153276984485369721367821495912745836
783912645469875213125436897658721934217349568394658172941583726876294351532167489
962538741471269853835174296216743985748695312359821674187356429593482167624917538
975638241364219785281745369592463178736851492148972653423586917659127834817394526
264539817319687245587241693845173926793462581621958374938715462156824739472396158
735481692642795813198623457983564271516872349274139586857216934469357128321948765
392875164517694823846231579123968745465127938978453612684512397759346281231789456
624935187137648529985127643372491865419586372856372491293854716768213954541769238
285416793376829514491753682918264375524937861637185249753691428849572136162348957
653842791472691853981735264317469582596283417824517936249156378765328149138974625
964128753375469182821735694182574369659283417437916825296847531543691278718352946
925413786743628159168795423852137964619284537374956218237569841481372695596841372
571264398834915762296387514158426973429173856763598421947632185615849237382751649
149625873576438291238971654653149728487562319912387465865713942394256187721894536
326971845518346792479825136654183279297654318831297564742539681965718423183462957
351684729267915438489273165146537892598126374732498651815369247923741586674852913
682759413719432568345186729971248635438965271256317894894621357567893142123574986
682143759475896213319752486768524931924381567531679842846937125293415678157268394
279658413316974258845213967638127549457869321921435786563741892194382675782596134
215689347946753128837124965568371492791842536423965871372418659689537214154296783
467182539259473168381569427136248795924657813578391246695814372713925684842736951
246753819713892456895164372487329165629518743351647928134285697568971234972436581
254679381691483275387251946576842193923517864148396527819734652732965418465128739
952347186764891253813562497531486729697125834428739561289614375345978612176253948
389726514641958372725134698153862947892473156476519823217685439564397281938241765
765982341413765982289431657856293174127846593394157268971524836648319725532678419
739451286182369475645782193863175942457296318291843567918537624576924831324618759
648392517593417628127856934984735162276941385351268479769184253412573896835629741
179532864523846197864917523457129638986354271231678459395461782612783945748295316
354176829692854317817932465541397286723568941986241573165489732479623158238715694
489526731267431958315978264734165829628749315951382647593217486872654193146893572
712543986945268713683917254354621879176895432829734561298176345531489627467352198
972846513631592874845371269256139487794628351183457692319265748467983125528714936
547296381968371425213854796386542917451937862792168534179423658834615279625789143
367218945859437216214956738126385497498172563573649821742861359635794182981523674
581462973396517482724938651453286197972143865618759324837624519169375248245891736
874259316953641287126738549382476951745913862691825734539162478267384195418597623
163528974528947316974631852819362547657194238342785691786453129231879465495216783
926317548418625793753849216275481369169753482834296157592178634687534921341962875
724698135685713942319245687863472591542189376197536824258964713431857269976321458
251834697493576182786291453539748216867912345124365978342187569675429831918653724
241798563756314289389256147174962835965183724832475691413827956698541372527639418
849256713356179482172834659914785236763412895528963147685347921231698574497521368
981657234237894615456231798649312587328475961175986423512768349794123856863549172
437961285162758493598342617326485179845197326971623548719534862254876931683219754
369547812725318469481629357834971625172456938596283741957164283248735196613892574
596187234483296157127435986351628749742359618869714325278943561935861472614572893
749126358215738964863594271487915632692473185531862497976251843324687519158349726
612853947953417268478692315369721854825346179147985632796538421234179586581264793
269835714347126895518749263893264157756318942421957638974581326682493571135672489
527139684641587932893264157416873529972615348358492761289351476134726895765948213
953746281627581943814329576396418752182657394745293168571834629238965417469172835
612854739748639512935271864573482196496317285821596473289143657167925348354768921
623159847741638952598274631362791584417583296859462173975326418186947325234815769
785639241962541837413278956531984762298763415674125398846357129127496583359812674
364721958972835416185496327849372561726159843513648279638214795257963184491587632
843975621752186943961423587485791362196238475327654198539847216218569734674312859
918746523234985671657312498745863219829154367361297845193628754572439186486571932
792364815643581279518297643289173564157846932364952781871429356425638197936715428
567148392932756841184923675796314258318295467425867139641572983273489516859631724
985143627614872395372569841729418536456937218138256974291785463843691752567324189
258731694473869215619452387824973156967145832135628479792314568581296743346587921
512638794739124856864759132651843279927516483348297615496371528185962347273485961
634728195197546823285193476743269581916854237528371649462917358359682714871435962
731425968548169723692837541176352489985641237423978156369214875854796312217583694
749186325352794681861235749698527134235419867417863952576948213923651478184372596
526147893493268751871935246639784125157392684248516937365821479912473568784659312
534917862197862435826534179261795348743128956958643217472359681315286794689471523
637412958915683247428597316263759481794138562581246793156324879379865124842971635
718354692396281475254769381123875964469123758875496123581947236647532819932618547
458761329973528164216943578382497651795316842641285937529834716134679285867152493
274561983186793425953824761417956832625438197398172546742685319839217654561349278
471529386382764915659138274736281549248695137195347862814956723963872451527413698
587946321641832759239517648468379512153628974972451836726195483814763295395284167
379648512485312697261759834927863145634571289518294763843125976792486351156937428
175923648382146759964758321529361487816479532437582196291634875653897214748215963
681592347549173628732684195823965714174238956956417283298356471465721839317849562
546198237312576984987234561473689125159723846628415379761852493234961758895347612
736592418824731695195864732981243576342675189657189324518326947269417853473958261
369815247157642893428379651241536789873194562695728314716453928984267135532981476
952378641467129835138465972693842157874651293521937468286793514319584726745216389
932467815857129364461538927529871436386245791714396582643952178298714653175683249
758463291319752864462918573973145628124687935685329417546231789891576342237894156
864273159529641837371985426756829341138754962942316578493167285685492713217538694
719285346348679512526143897974532168835761429162498735493856271681327954257914683
547398621328615974916247835174953286839162547265784319653421798482579163791836452
547832961896751234321694578468579312739128645215463897672315489154986723983247156
654237819279681534318495762431528976786149325592376481923864157845712693167953248
238591476147682953659734281365478192814329765792156348473265819926817534581943627
